1.070235611964928 1.790075328857938
1.1387239513138254 1.7957837589141938
1.329738059381216 1.8197591651504705
1.4369442571871514 1.8236916391892244
1.7042069384237835 1.8551514314992588
1.834477797520432 1.871135035656776
2.184130377018216 1.911664889056194
2.351086944426872 1.92607867494824
2.7775853115268303 1.9727450906581332
3.0015199114501976 1.992534314853156
3.559783918774761 2.017955856703681
3.8647186949108474 2.035161608553244
4.202286089204807 2.026861007591444
4.594206487347146 2.1235618127444216
4.999366509457199 2.1781914883827938
5.5007000276518765 2.2070761444674485
5.938419328393781 2.3212311540924357
6.467137059365932 2.4266033363308726
7.04292833358009 2.5011826158658472
7.669984269176527 2.5435880962837487
8.34639509325286 2.6418111494517316
9.151577383595859 2.7097668379214284
9.932087708974668 2.782815714541316
10.75365782836052 2.844771208751883
11.748988899028323 2.9854205826379747
12.5494080852656 3.1102449198681104
14.711419404353514 3.3553268502833724
15.774696653214711 3.475040783463145
18.137352594841918 3.7560586402325526
19.448241356735423 3.8894728055473404
22.36110263108057 4.2161581027668
23.88448951357376 4.36609953224446
27.144245188753082 4.712791517661083
28.881305939743985 4.875139268461009
32.69602388914976 5.228833594746639
34.78836351459768 5.400086496434323
39.38330098059942 5.767709392057219
41.90358422672212 5.9375922705314
47.071919112206544 6.347685885772844
49.89043276469841 6.530355647573039
55.18146668929669 6.948555233494364
58.25925341227484 7.13630549804463
64.68812666684632 7.529330907417863
68.82775939955766 7.698300437083047
77.918708740514 8.055648158604681
83.22704888609877 8.211107737136723
94.58587842192398 8.549998201476464
100.63877898564262 8.700472417759375
114.81823225075127 9.04092318631449
122.64041310505011 9.192767425810905
139.37837949107353 9.536414915197525
148.8737607575025 9.688829997699564
169.19205503123047 10.03419001610306
180.01928106498355 10.187404278812975
203.79669556799968 10.518264884873581
217.68068053268675 10.672582777394371
247.38974479131636 11.012614927745364
264.243577909304 11.170738440303658
300.3075474670384 11.496689796515884
322.01246757750107 11.647066153997832
370.24190022684303 11.964781061128889
395.46523842533446 12.091698489379649
456.4622695626043 12.340395758830542
491.35458848258446 12.42345341614907

