1.0301716927645537 1.9561956574261234
1.1278112883411096 1.9620145586224762
1.2281027397197235 1.9654530002385027
1.3373126824484496 1.9757683250865838
1.4562341999543262 1.9872297971400084
1.5857309011936045 1.9929605331667215
1.7267431921864957 2.0078604468361743
1.880295105252777 2.0204680660949403
2.0475017355422134 2.036514126969733
2.229577338863938 2.069752395924663
2.4278441496212912 2.0686062487193215
2.6437419828880135 2.0799531060522085
2.878838690356169 2.0799913109590573
3.134841546086944 2.1304981978078104
3.4136096447477438 2.158005730736029
3.7171674023716768 2.1843671164589065
4.032075390196611 2.2267745630565745
4.511272711195886 2.25772053760082
4.912440967310849 2.2900418887914746
5.267064668873491 2.3420442248510103
5.9159000448793195 2.348151552102335
6.441975823553655 2.3988603791729854
7.014833279201617 2.4674654761784804
7.638632506982842 2.509872922776152
8.317903541590065 2.602710846408886
9.057579254395193 2.6817950035775127
9.863031175998385 2.7723406327995637
10.740108504323745 2.8445479067361354
11.695180581538704 2.9832317185825694
12.73518314826487 3.0743777106264663
13.867668710978664 3.153434578575917
15.100861388370264 3.2617454894807754
16.44371663495551 3.3958447125058395
17.905986275654083 3.5414054075843246
19.49828932361554 3.690404544278838
21.23218909557286 3.856595889053489
23.12027718473564 4.02278723382814
25.176264901034926 4.199293903450872
27.415082842759208 4.387262045127029
29.85298932267171 4.598153130910033
32.5076884360002 4.836551749621256
35.39845862770995 5.073804221127137
38.54629269271633 5.366071758489452
41.974050225719616 5.643439382182317
45.52997393499636 5.932153863208072
49.38714551904811 6.198174629568047
53.57108585218934 6.484367586742048
58.10947786556661 6.757494465775146
63.27690608182723 7.0302775006466405
68.90385166687206 7.298475946696765
75.03117754194098 7.551774479077441
81.70338039371082 7.790173097788662
88.96891380956882 8.00794106680372
96.88054014792996 8.2153937109707
105.49571369888062 8.414823324700281
114.87699791766694 8.61425293842986
125.09251976097745 8.812536404954098
136.21646442541672 9.014258313094363
148.3296140809612 9.220564810055999
161.5199345116874 9.431455895839004
175.88321392395773 9.645785423238035
191.52375856109714 9.866991833869122
208.555150176119 10.091636686116235
227.10107086326988 10.322012274390062
247.29620123833152 10.558118598690598
269.2871984902659 10.799955659017847
293.2337614068284 11.04752345537181
319.30979010836603 11.299675840547142
347.7046489118036 11.556412814543844
378.62454149573813 11.816588230156572
412.29400835310935 12.080202087385327
448.957557405948 12.350692827846137
488.881439623752 12.606283654637496
532.3555825400291 12.852705303786117
579.6956957082342 13.07276556721186
631.245563386922 13.242395353602538
687.379541103624 13.34325630767267
722.8683529228482 13.359302368547464

