1.031935853244971 2.0670483551874845
1.1212015541717497 2.0343961352657
1.2210259533767274 2.045812995378215
1.329738059381216 2.0480963674007153
1.448129175040862 2.0595132275132286
1.5770610556039797 2.0834886337495053
1.7174721813284084 2.1074640399857785
1.8703845885708517 2.0994722379070225
2.036911309071395 2.108605725997032
2.2182644715829136 2.1234476441432957
2.4157641248161728 2.1405729343120665
2.560412235524467 2.153702323441454
3.048428358662555 2.213640839032143
3.319840334761447 2.233049501223414
3.615417044979999 2.2444663613359275
3.9373099580318116 2.2638750235271985
4.22188155408399 2.298125603864735
4.669625085066152 2.300789537890985
5.085377736224013 2.3297883625767692
5.4741078320782135 2.3985939728548438
6.0781723089304505 2.410010832967357
6.619332724509369 2.460473354664657
7.247474238881446 2.522247350073437
7.842375547374265 2.596979133209908
8.549443052409798 2.673153148760603
9.31062913270776 2.771399760528814
10.139586206424534 2.7833421586465086
11.042348156296358 2.860748470209339
12.025486082223292 2.9831372106154745
13.096156131545996 3.048506889659686
14.262151587815142 3.1295013572578796
15.531959597201716 3.2365915051132443
16.914822945453135 3.357229660302126
18.420807335062513 3.4866207415772656
20.060874652353778 3.622481376916161
21.846962757785374 3.7766089884350755
23.79207238025684 3.9341616579877456
25.91036174791202 4.098564443607922
28.21724964424537 4.274384089340611
30.7295276396451 4.467329025242069
33.465482315293386 4.665982391199783
36.44502836907743 4.876052617270009
39.689853572373764 5.091831273396492
43.223576632829655 5.306468243511722
47.071919112206544 5.527955329694461
51.26289265065521 5.752867473910953
55.827002860207266 5.981204676161198
60.79747137159954 6.241509086726479
66.21047765068472 6.5177971014492755
71.82642218316329 6.801620243846331
77.6172150163354 7.0816758224062575
84.20067415700046 7.343236087583914
91.69734741713145 7.587556893991676
99.86147507156304 7.813610724219419
108.75248286195597 8.032814438379656
118.43508740647428 8.24973478051739
128.97976726456986 8.468938494677626
140.4632759422709 8.691567266871616
152.9692005720831 8.916479411088106
166.58857033406508 9.147099985360857
181.42051904671092 9.381145617667357
197.57300675055774 9.619757994018865
215.16360553684362 9.859512056381622
234.32035534117188 10.102310614774385
255.18269593140462 10.34815366919715
277.9024818736179 10.591332789593661
302.64508786393793 10.834511909990173
329.59061247184206 11.076549344375433
358.9351890568317 11.318586778760693
390.89241340048846 11.553774097078445
425.6948984454835 11.77982792730619
463.59596745830333 11.988756467365164
504.8714979400301 12.209101867536651
549.8219297067884 12.390629943325596
598.7744517564436 12.536765752765753
652.0853838395084 12.641800865800867
704.6578391084729 12.681252460189658

